-51.552652399300406	-23.084210052488494	-37.37443532307661
-51.92016563812242	-23.450416349199028	-37.74051381199219
-53.03455876948026	-22.7173885064697	-38.47299666418255
-53.04693217899027	-23.084210052488494	-37.00801929049742
-52.29979228914534	-23.084210052488494	-36.64160325791824
-52.66721838111698	-22.717590838286558	-36.27486279016725
-52.6733622340678	-23.084210052488494	-37.37443532307661
-53.42050212391274	-23.084210052488494	-39.20651548597252
-52.28759315300871	-22.350979014429864	-37.00735869602322
-53.78152438595181	-22.350979014429864	-38.106587172142724
-53.794072068835206	-23.450626085067675	-37.74085135565579
-53.42050212391274	-23.084210052488494	-37.37443532307661
-53.040744752614266	-22.717590838286558	-37.37410105653595
-53.040744752614266	-22.717590838286558	-36.27486279016725
-53.41427112411155	-22.717590838286558	-37.37410105653595
-52.67950752059853	-22.351578728590017	-38.47402895904839
-53.426734577628295	-23.45083669884854	-37.008351665370355
-53.426734577628295	-23.084417375429034	-37.37477098878986
-53.78152438595181	-21.984569522390032	-38.47299666418255
-53.42050212391274	-23.084210052488494	-37.37443532307661
-53.04693217899027	-23.450626085067675	-38.473683420814154
-54.901972810659146	-22.7173885064697	-38.106587172142724
-53.42050212391274	-22.351377987330128	-37.00801929049742
-54.16132386710612	-23.816829104655262	-37.37410105653595
-53.800348106143176	-24.183675345687558	-37.37477098878986
-53.426734577628295	-23.45083669884854	-37.74119031220937
-53.42050212391274	-23.450626085067675	-38.473683420814154
-54.54121195868014	-23.450626085067675	-37.37443532307661
-54.17396163465806	-23.084417375429034	-38.47402895904839
-53.04693217899027	-22.71779401990931	-37.74085135565579
-53.41427112411155	-23.084003593742793	-37.74051381199219
-53.42050212391274	-22.71779401990931	-37.37443532307661
-53.787797495608835	-22.717590838286558	-36.64127554562348
-53.794072068835206	-22.71779401990931	-38.10726738823497
-53.059311363489066	-22.351780307271238	-38.10795331075752
-53.800348106143176	-23.45083669884854	-38.107609635628876
-53.426734577628295	-22.351578728590017	-38.107609635628876
-53.41427112411155	-23.450416349199028	-39.20616483381713
-52.2936920096197	-23.084003593742793	-37.74051381199219
-54.16764201375767	-21.984961954750947	-37.74085135565579
-53.408041577716034	-22.350979014429864	-37.74017768010289
-53.787797495608835	-22.717590838286558	-37.74051381199219
-53.408041577716034	-22.350979014429864	-38.47299666418255
-54.16764201375767	-22.71779401990931	-37.00801929049742
-53.794072068835206	-22.351377987330128	-36.64160325791824
-53.42050212391274	-21.25212988959258	-37.00801929049742
-52.29979228914534	-21.618545922171762	-37.00801929049742
-53.053121049113415	-24.183675345687558	-37.37477098878986
-53.04693217899027	-24.549874182805222	-37.00801929049742
-51.546639266625135	-24.549654615567732	-37.00768830107972
-51.552652399300406	-22.71779401990931	-36.27518722533906
-51.5646828743767	-22.351780307271238	-38.10795331075752
-50.80551250945547	-21.618545922171762	-37.74085135565579
-50.799586523630566	-21.25193981646162	-38.83975207836089
-50.06421282099435	-20.885901434911982	-38.47402895904839
-51.92622234422287	-20.8857138570134	-38.10726738823497
-51.17908245437794	-22.71779401990931	-37.37443532307661
-50.80551250945547	-22.71779401990931	-38.473683420814154
-51.185053406539	-22.351578728590017	-37.37477098878986
-50.81143987802411	-21.618740081751	-38.47402895904839
-50.06421282099435	-23.817256022268047	-36.64193234195084
-48.937662784843134	-22.351377987330128	-37.37443532307661
-48.57542589615196	-23.451048191235397	-36.642262798805305
-48.56975870693481	-22.717998052009523	-36.64193234195084
-47.45445452931769	-22.718202935259292	-37.375108054781414
-45.20723695030087	-22.717998052009523	-37.37477098878986
-44.454823445773535	-23.450626085067675	-37.74085135565579
-43.33916930772645	-23.45083669884854	-36.64193234195084
-43.33411361100614	-23.084210052488494	-36.64160325791824
-44.09668569344715	-25.28339029440092	-36.27616868327088
-43.707683555928604	-24.18345815022604	-37.37443532307661
-44.4600098932711	-21.25232075833149	-38.107609635628876
-44.83362342178598	-20.519482111492472	-37.74119031220937
-44.454823445773535	-21.25212988959258	-37.74085135565579
-44.08125350085107	-22.351377987330128	-37.74085135565579
-42.96054366608367	-22.71779401990931	-37.74085135565579
-43.33916930772645	-21.618740081751	-37.74119031220937
-44.4600098932711	-21.985159405170506	-37.37477098878986
-43.71278283624133	-21.618740081751	-36.64193234195084
-42.5869737211612	-21.984961954750947	-37.37443532307661
-43.71278283624133	-21.618740081751	-37.37477098878986
-41.844715193666914	-21.618740081751	-38.107609635628876
-42.5869737211612	-20.8857138570134	-37.37443532307661
-42.213403776238735	-20.8857138570134	-38.473683420814154
-42.5869737211612	-20.519297824434215	-37.00801929049742
-41.844715193666914	-19.786643464653455	-37.008351665370355
-41.466263886393804	-21.618545922171762	-36.27518722533906
-41.09269394147134	-22.351377987330128	-36.64160325791824
-40.3455540516264	-22.71779401990931	-38.10726738823497
-40.354969206033935	-21.252512423307078	-37.375108054781414
-41.08790086470119	-19.419876039180444	-38.47333932290466
-38.85127427193654	-19.420049726696668	-38.840099453393336
-38.85580696554785	-20.153062788072965	-38.107609635628876
-38.85127427193654	-19.420049726696668	-38.10726738823497
-38.85127427193654	-19.786465759275853	-38.840099453393336
-38.47770432701407	-20.519297824434215	-38.473683420814154
-38.85127427193654	-17.587969563800755	-37.00801929049742
-38.85127427193654	-17.587969563800755	-37.37443532307661
-38.48219343703297	-17.588127524136404	-38.107609635628876
-38.48219343703297	-18.32096617097542	-39.2068676058874
-37.35699449224667	-18.32080162895912	-38.473683420814154
-37.36135285148832	-19.053804817814438	-37.37477098878986
-38.48219343703297	-19.053804817814438	-37.37477098878986
-37.730564437169136	-19.420049726696668	-38.10726738823497
-37.730564437169136	-18.32080162895912	-39.20651548597252
-36.24051226594367	-18.68738549439493	-38.47402895904839
-37.36135285148832	-17.954546847555914	-38.107609635628876
-38.10857990851809	-17.221708200716897	-39.2068676058874
-36.24051226594367	-18.32096617097542	-37.37477098878986
-36.61412579445855	-18.68738549439493	-37.74119031220937
-36.983424547324205	-18.687217661538305	-38.840099453393336
-37.365712227809205	-17.9547087714146	-39.20722119472168
-36.23628465747927	-16.488721466063208	-38.840099453393336
-35.11557482271187	-17.95438559637994	-38.10726738823497
-34.750112371862556	-17.9547087714146	-39.573643822709734
-35.11557482271187	-17.221553531221574	-37.37443532307661
-35.48500529224194	-16.488573995530565	-37.74051381199219
-35.4932852089139	-16.48886955387788	-38.47402895904839
-35.489144767634336	-17.95438559637994	-38.10726738823497
-36.61412579445855	-17.588127524136404	-38.107609635628876
-36.98773932297343	-16.122450230458373	-38.107609635628876
-36.24051226594367	-16.85528887729739	-38.47402895904839
-36.23628465747927	-17.221553531221574	-39.20651548597252
-35.8627147125568	-16.488721466063208	-39.572931518551705
-36.23628465747927	-17.221553531221574	-39.939347551130886
-35.489144767634336	-15.755889400904845	-39.20651548597252
-35.866898737428784	-15.756030907038863	-38.47402895904839
-35.8627147125568	-15.755889400904845	-40.30576358371007
-36.98773932297343	-14.29035361336083	-39.57328692930691
-36.60985460240174	-14.290225270588115	-39.572931518551705
-36.98773932297343	-13.557514966521813	-39.2068676058874
-36.60985460240174	-15.389473368325662	-38.473683420814154
-36.60985460240174	-13.557393205429749	-39.572931518551705
-36.23628465747927	-12.824561140271385	-38.840099453393336
-35.87108373869683	-12.458369351593804	-39.20722119472168
-36.983424547324205	-12.824561140271385	-39.20651548597252
-37.35699449224667	-12.458145107692202	-38.840099453393336
-36.98773932297343	-12.824676319682796	-39.939706252726424
-37.35699449224667	-12.09172907511302	-38.473683420814154
-36.983424547324205	-13.557393205429749	-39.20651548597252
-36.60985460240174	-12.09172907511302	-39.939347551130886
-35.8627147125568	-12.09172907511302	-39.572931518551705
-36.979110778231075	-12.824446440968218	-39.938990344729596
-35.866898737428784	-11.358999026004762	-39.57328692930691
-36.23628465747927	-9.893232879637926	-38.840099453393336
-36.98773932297343	-11.72541834942427	-38.47402895904839
-36.60985460240174	-10.62606494479629	-38.473683420814154
-36.23628465747927	-12.824561140271385	-39.572931518551705
-35.11967168039902	-11.72541834942427	-39.57328692930691
-36.24051226594367	-13.557514966521813	-38.47402895904839
-35.8627147125568	-12.458145107692202	-39.939347551130886
-36.24474086097493	-10.259833583665486	-38.840798566733625
-36.60985460240174	-12.09172907511302	-39.20651548597252
-35.49742661641874	-11.725524095617699	-38.840798566733625
-35.87526971670277	-12.458482174052627	-40.673280038818866
-36.62267116913408	-12.458482174052627	-38.47472436104488
-35.87108373869683	-12.824791979581859	-39.20722119472168
-35.866898737428784	-11.72541834942427	-38.47402895904839
-35.866898737428784	-10.992579702585253	-39.2068676058874
-36.61839798325302	-10.992678839641593	-38.474375938745574
-36.24474086097493	-11.359101467629646	-39.20722119472168
-35.8627147125568	-12.458145107692202	-38.473683420814154
-35.866898737428784	-11.72541834942427	-37.74119031220937
-35.87108373869683	-11.725524095617699	-37.00868542679336
-35.49742661641874	-10.259833583665486	-38.840798566733625
-36.61839798325302	-10.626256211653539	-39.20722119472168
-36.24474086097493	-10.259833583665486	-38.10795331075752
-35.12786826427146	-10.6263524425743	-37.74187246845354
-35.11967168039902	-12.091837672843779	-37.37477098878986
-35.12376949414065	-12.091946723605751	-38.10795331075752
-35.87108373869683	-12.091946723605751	-38.10795331075752
-35.866898737428784	-11.72541834942427	-38.107609635628876
-35.866898737428784	-12.091837672843779	-38.47402895904839
-35.866898737428784	-12.091837672843779	-38.8404482824679
-34.746058151884135	-10.626160379165745	-38.47402895904839
-35.8627147125568	-10.62606494479629	-39.20651548597252
-36.23628465747927	-12.09172907511302	-38.10726738823497
-35.11967168039902	-9.893321732326728	-39.2068676058874
-36.23628465747927	-10.259648912217108	-39.20651548597252
-35.12376949414065	-9.52698832768938	-38.840798566733625
-35.12376949414065	-9.52698832768938	-38.10795331075752
-33.99883109485437	-8.794063762068202	-38.47402895904839
-35.49742661641874	-9.52698832768938	-38.474375938745574
-35.4932852089139	-9.16048308548771	-37.74119031220937
-35.4932852089139	-9.893321732326728	-39.2068676058874
-34.746058151884135	-10.259741055746236	-39.939706252726424
-34.37645524958447	-11.359101467629646	-38.10795331075752
-35.11967168039902	-9.893321732326728	-38.8404482824679
-35.4932852089139	-10.626160379165745	-39.2068676058874
-34.742004877789405	-8.427568749321196	-40.30576358371007
-35.866898737428784	-7.694805791809677	-39.2068676058874
-34.742004877789405	-8.427568749321196	-39.572931518551705
-33.251604037824606	-7.328386468390169	-38.8404482824679
-32.87799050930972	-7.694805791809677	-38.107609635628876
-33.251604037824606	-8.061225115229186	-38.107609635628876
-33.251604037824606	-9.16048308548771	-37.74119031220937
-32.508169638194005	-7.328452559761062	-37.00868542679336
-31.760855393637822	-8.061297815737168	-35.9094175428292
-32.134512515915915	-6.229184675796902	-37.00868542679336
-31.760855393637822	-6.595607303784956	-36.642262798805305
-31.006305428564737	-6.595488586425284	-35.5423551601807
-29.515468752675773	-6.229128498131644	-36.275513018531335
-31.013541149081636	-6.595607303784956	-37.375108054781414
-28.397941293134995	-6.595607303784956	-35.9094175428292
-29.14185522416089	-4.397031881034101	-35.90909369511183
-30.266226904525453	-4.76349416384469	-35.54299491484115
-29.515468752675773	-3.297773910775576	-35.90909369511183
-29.51891265996927	-4.030648907868584	-35.9094175428292
-29.148656644821	-4.763537301843652	-37.009020575862216
-30.266226904525453	-4.76349416384469	-36.275840170817254
-29.145255537691177	-6.229184675796902	-35.9094175428292
-28.771598415413084	-5.862762047808849	-36.275840170817254
-28.768241695646005	-6.229128498131644	-36.64193234195084
-29.52235737103665	-5.862815140730648	-35.543316790679555
-28.768241695646005	-6.961967144970661	-35.54267437169232
-28.771598415413084	-6.962029931773008	-35.9094175428292
-28.391315814107468	-8.061152716742013	-36.27518722533906
-29.145255537691177	-8.061297815737168	-35.9094175428292
-28.771598415413084	-8.427720443725221	-35.9094175428292
-29.51891265996927	-7.694875187749115	-36.275840170817254
-28.771598415413084	-6.229184675796902	-35.176572286853094
-29.51891265996927	-8.427720443725221	-36.642262798805305
-29.51891265996927	-8.061297815737168	-36.275840170817254
-29.145255537691177	-8.794143071713274	-35.9094175428292
-28.39462816713112	-8.794063762068202	-34.8098357248533
-28.771598415413084	-8.061297815737168	-36.275840170817254
-29.51891265996927	-8.427720443725221	-37.00868542679336
-29.889082281190657	-8.427644438648695	-35.17625504827281
-29.148656644821	-9.160648657391638	-36.64259462956655
-29.89256978224736	-9.893410955677433	-34.44372703087699
-29.145255537691177	-10.626256211653539	-35.54299491484115
-29.145255537691177	-9.52698832768938	-34.81014965886504
-29.896058097252308	-9.160648657391638	-36.27616868327088
-29.138455703952403	-11.358897009954655	-36.27518722533906
-28.768241695646005	-12.458256996263287	-35.54267437169232
-28.39462816713112	-11.72541834942427	-35.90909369511183
-28.397941293134995	-10.259833583665486	-35.176572286853094
-28.768241695646005	-9.893321732326728	-33.71057775459478
-28.768241695646005	-10.992579702585253	-34.8098357248533
-29.145255537691177	-9.52698832768938	-35.176572286853094
-29.52235737103665	-10.259926496278634	-37.009020575862216
-30.262695809705537	-10.259741055746236	-36.275513018531335
-29.885595593797337	-9.16040081447956	-37.37443532307661
-31.38353639525019	-8.427644438648695	-37.008351665370355
-31.38353639525019	-7.328386468390169	-37.74119031220937
-32.13076345227996	-7.694805791809677	-37.37477098878986
-31.38353639525019	-8.794063762068202	-38.47402895904839
-31.753445318409668	-8.061152716742013	-38.473683420814154
-32.134512515915915	-7.328452559761062	-38.10795331075752
-32.500585208254606	-8.793984781900377	-36.27518722533906
-31.760855393637822	-7.694875187749115	-37.741530682769465
-32.87799050930972	-8.794063762068202	-37.008351665370355
-31.764561728330577	-7.3285189259133094	-36.64259462956655
-32.134512515915915	-8.427720443725221	-37.375108054781414
-31.01716027589927	-7.694944872208976	-37.37544652215788
-31.38353639525019	-7.694805791809677	-36.64193234195084
-30.643459549683616	-5.4963891944349825	-37.37544652215788
-31.398189028759337	-5.862921986744544	-36.276829792981864
-31.39086100211492	-6.229241087026313	-37.74187246845354
-31.760855393637822	-5.862762047808849	-38.10795331075752
-30.266226904525453	-5.496339419820797	-37.00868542679336
-31.38719827135973	-5.496339419820797	-37.741530682769465
-31.013541149081636	-5.862762047808849	-37.00868542679336
-31.760855393637822	-5.496339419820797	-37.741530682769465
-31.764561728330577	-6.595667033321979	-36.64259462956655
-32.134512515915915	-5.496339419820797	-36.642262798805305
-31.38719827135973	-6.229184675796902	-36.642262798805305
-31.760855393637822	-5.496339419820797	-36.642262798805305
-31.38719827135973	-3.664226279880531	-35.9094175428292
-31.38719827135973	-4.030648907868584	-35.54299491484115
-31.39086100211492	-3.2978335166609893	-36.27616868327088
-29.89256978224736	-2.9313810239044247	-35.54299491484115
-30.639884026803546	-2.1985357679283184	-35.9094175428292
-29.52235737103665	-2.198555677773993	-35.17689084438389
-29.896058097252308	-1.8321297314783274	-36.27616868327088
-30.266226904525453	-2.5649583959163715	-36.275840170817254
-29.896058097252308	-0.3664259462956655	-36.27616868327088
-30.262695809705537	-0.36641932341950845	-35.90909369511183
-31.01716027589927	1.0992778388869966	-35.543316790679555
-31.013541149081636	1.8321131399402655	-37.375108054781414
-31.760855393637822	1.8321131399402655	-36.275840170817254
-31.013541149081636	4.030648907868584	-36.642262798805305
-33.251604037824606	4.397031881034101	-36.275513018531335
-32.881826760472094	3.297803651892478	-36.275840170817254
-32.87799050930972	4.030612557614593	-34.443416401433794
-33.251604037824606	4.397031881034101	-35.17625504827281
-33.99883109485437	4.397031881034101	-36.64193234195084
-33.259364633193194	3.2978335166609893	-36.64259462956655
-35.13196799112631	3.6642927835320362	-35.91006927861395
-34.00279812730637	4.030648907868584	-35.54299491484115
-34.37645524958447	4.397071535856637	-35.54299491484115
-35.49742661641874	4.397071535856637	-36.642262798805305
-35.12786826427146	5.129963248139317	-34.81046489808822
-36.24474086097493	6.229184675796902	-35.54299491484115
-37.365712227809205	6.229184675796902	-35.176572286853094
-36.24474086097493	6.962029931773008	-36.642262798805305
-37.365712227809205	8.061297815737168	-35.176572286853094
-37.748178373444226	7.695014845417275	-35.17721072190754
-38.48219343703297	6.961967144970661	-35.17625504827281
-39.612276978859306	8.06137081850464	-37.009020575862216
-39.981312083755846	7.328452559761062	-37.375108054781414
-41.10228345059012	6.962029931773008	-36.642262798805305
-41.471101665152034	6.595547821551152	-36.64193234195084
-42.59691193970249	5.862762047808849	-38.474375938745574
-42.60188278858454	7.3285189259133094	-37.009020575862216
-42.22818206236889	6.595667033321979	-37.37544652215788
-42.22818206236889	5.862815140730648	-39.207576253636205
-43.35434347841119	7.3285855670640725	-37.37578639202677
-43.349284241015845	7.3285189259133094	-39.574002199931876
-43.728087818742324	6.229297732004461	-37.74221567037997
-42.98059913808006	8.427873402123684	-36.64292783532036
-44.46519755109295	7.694875187749115	-35.9094175428292
-43.349284241015845	8.427796764800306	-35.90974273697522
-44.838854673371046	7.694875187749115	-35.54299491484115
-44.84408714587846	6.595667033321979	-36.27616868327088
-44.47557649940458	8.06144412377048	-35.17721072190754
-44.09154042881486	8.061297815737168	-35.54299491484115
-44.838854673371046	8.427720443725221	-35.176572286853094
-44.84408714587846	6.962092979617644	-34.81046489808822
-43.7229849672315	6.962092979617644	-35.543316790679555
-44.09154042881486	8.427720443725221	-34.077304402888934
-45.586168917927225	8.427720443725221	-35.176572286853094
-46.71804254139137	7.3285855670640725	-35.17721072190754
-47.0807974070396	8.794143071713274	-35.9094175428292
-47.0917868817225	8.427873402123684	-34.81078144355434
-48.95479513425065	8.427796764800306	-35.17689084438389
-48.20739368181935	6.595667033321979	-34.44403895179256
-48.96050858337816	5.496439175298054	-37.009357113673566
-48.58676424304702	5.496439175298054	-35.91006927861395
-48.57542589615196	6.962029931773008	-35.9094175428292
-50.07589731289762	6.962092979617644	-35.90974273697522
-49.707997264040415	6.962156288710869	-37.37578639202677
-49.69639726298624	7.328452559761062	-36.642262798805305
-49.328495860466305	6.595667033321979	-37.009020575862216
-50.45548594470268	6.229297732004461	-36.64292783532036
-49.328495860466305	5.129963248139317	-36.27616868327088
-50.45548594470268	5.13000989694485	-36.64292783532036
-50.07005438526433	4.76349416384469	-36.275840170817254
-49.70219658668196	5.862815140730648	-35.90974273697522
-49.328495860466305	6.595667033321979	-35.543316790679555
-49.707997264040415	6.595727010357665	-35.54364000026075
-48.95479513425065	5.862815140730648	-34.81046489808822
-49.70219658668196	5.4963891944349825	-35.543316790679555
-49.707997264040415	5.496439175298054	-35.91006927861395
-50.07589731289762	5.129963248139317	-35.17689084438389
-50.45548594470268	4.7635806185916465	-36.64292783532036
-49.707997264040415	6.962156288710869	-35.17721072190754
-50.081741604371544	5.13000989694485	-36.64292783532036
-50.081741604371544	4.7635806185916465	-35.91006927861395
-50.46137522479179	5.130056738401476	-37.742560289668
-50.45548594470268	4.7635806185916465	-38.10864494873317
-49.707997264040415	5.13000989694485	-36.276498556967155
-50.44959803911327	5.129963248139317	-36.64259462956655
-50.0875872601637	4.030758865886874	-38.108992913839536
-49.707997264040415	5.13000989694485	-37.37578639202677
-50.81143987802411	5.129870527873118	-37.37477098878986
-50.07005438526433	4.397071535856637	-38.474375938745574
-50.09343428075187	4.763667788899917	-36.64359837615321
-50.45548594470268	4.03072206188524	-36.64292783532036
-51.20297462536494	4.03072206188524	-36.276498556967155
-50.82923028503381	3.6642927835320362	-35.91006927861395
-50.82329876532892	3.6642594629566547	-38.108298414749214
-50.44959803911327	4.03068540925232	-37.009020575862216
-50.081741604371544	4.397151340238443	-37.009357113673566
-49.713799295535615	3.66432624171534	-37.37612766549647
-50.82923028503381	6.229297732004461	-37.37578639202677
-50.82329876532892	3.6642594629566547	-36.27616868327088
-50.81143987802411	4.7634512044536095	-37.008351665370355
-50.07005438526433	5.129916791832743	-36.275840170817254
-49.31698576396458	3.6641932341950847	-36.64193234195084
-50.44959803911327	5.4963891944349825	-35.90974273697522
-49.70219658668196	5.129963248139317	-35.90974273697522
-48.20739368181935	4.03068540925232	-36.27616868327088
-47.83369295560369	4.397111355547986	-35.90974273697522
-48.20739368181935	5.129963248139317	-36.64259462956655
-49.328495860466305	4.397111355547986	-38.108298414749214
-48.95479513425065	5.4963891944349825	-37.37544652215788
-49.328495860466305	4.03068540925232	-37.009020575862216
-49.70219658668196	4.763537301843652	-37.37544652215788
-50.07589731289762	4.397111355547986	-36.27616868327088
-49.70219658668196	4.397111355547986	-36.27616868327088
-51.570700217760226	2.5649816240696586	-35.90974273697522
-50.0875872601637	5.130056738401476	-36.276829792981864
-49.70219658668196	4.03068540925232	-36.27616868327088
-49.707997264040415	6.595727010357665	-39.207932783792785
-49.713799295535615	6.595787235087612	-38.108992913839536
-48.58676424304702	3.6642927835320362	-37.009357113673566
-48.20739368181935	5.129963248139317	-37.74187246845354
-47.0917868817225	5.496439175298054	-36.64292783532036
-47.0917868817225	4.7635806185916465	-36.276498556967155
-46.71259077695673	4.397111355547986	-37.37544652215788
-47.83927556238476	5.862868453651258	-37.009357113673566
-48.58676424304702	6.229297732004461	-36.64292783532036
-48.581094408035	7.3285189259133094	-37.37544652215788
-47.83369295560369	6.229241087026313	-36.27616868327088
-47.459992229388035	7.3285189259133094	-36.27616868327088
-47.828111651595776	7.694875187749115	-37.741530682769465
-47.83369295560369	8.06137081850464	-37.37544652215788
-47.08629150317238	5.4963891944349825	-36.64259462956655
-46.71259077695673	5.4963891944349825	-37.009020575862216
-47.47107150776709	5.862921986744544	-37.37612766549647
-48.58676424304702	5.862868453651258	-36.64292783532036
-48.21301990271589	5.13000989694485	-38.10864494873317
-48.58676424304702	5.862868453651258	-37.74221567037997
-50.081741604371544	4.397151340238443	-36.276498556967155
-49.707997264040415	4.7635806185916465	-37.74221567037997
-50.817368629820514	4.76349416384469	-37.375108054781414
-51.944400943975886	5.4963891944349825	-38.108298414749214
-51.208951154047966	5.49648936257301	-38.108992913839536
-52.69180239640719	4.763537301843652	-37.74187246845354
-52.685654241210976	5.862762047808849	-36.642262798805305
-52.69795198668946	4.397151340238443	-38.84150350543958
-51.9504633060272	5.13000989694485	-37.74221567037997
-53.0716963270206	6.595727010357665	-37.37578639202677
-52.31810167019154	5.4963891944349825	-37.37544652215788
-51.9504633060272	4.397151340238443	-38.10864494873317
-53.445440667351725	4.7635806185916465	-38.10864494873317
-54.93400675370111	6.229241087026313	-39.207576253636205
-55.320618764956926	4.030758865886874	-39.94115603469721
-56.06165104966964	2.931434226825629	-38.10864494873317
-57.16953970854808	2.1985357679283184	-39.20722119472168
-57.176211110995034	2.198555677773993	-39.94042814622754
-57.54991183721069	2.198555677773993	-39.574002199931876
-56.80913973033191	0.7328585567064072	-38.84150350543958
-55.69440672958501	1.0992978725146019	-37.37612766549647
-56.80251038477938	0.3664259462956655	-37.74187246845354
-56.42880965856373	2.5649816240696586	-38.84115030734054
-54.93400675370111	1.8321297314783274	-38.84115030734054
-55.681408206132424	-0.0	-38.84115030734054
-54.94041802867625	0.3664292783532036	-39.57436206214599
-54.93400675370111	1.8321297314783274	-39.574002199931876
-56.0485683417138	2.1985357679283184	-38.474375938745574
-57.18955858809736	-0.366432624171534	-38.475425538011066
-56.05510893234808	1.0992778388869966	-38.47472436104488
-56.42880965856373	0.3664259462956655	-37.74187246845354
-56.80251038477938	-0.0	-37.74187246845354
-55.674911219435714	-0.3664226279880531	-37.741530682769465
-57.923612563426346	1.0992778388869966	-37.74187246845354
-57.18955858809736	1.0992978725146019	-38.841858162182604
-57.556628410994165	2.1985756701192214	-38.47507422708638
-56.80251038477938	0.732851892591331	-38.108298414749214
-58.31092248198162	-0.366432624171534	-38.841858162182604
-58.297313289642	-0.0	-37.37544652215788
-58.297313289642	-0.3664259462956655	-38.47472436104488
-57.930372751325294	1.4657171134128144	-38.47507422708638
-58.67786143198756	-0.0	-38.47507422708638
-57.556628410994165	1.8321463917660181	-38.10864494873317
-57.916853953104265	1.8321131399402655	-38.474375938745574
-57.556628410994165	1.0992878350596107	-38.84150350543958
-59.05160577231869	2.565004948472425	-38.10864494873317
-57.916853953104265	1.0992678839641592	-39.940066450697785
-58.30411709165643	-0.0	-39.57436206214599
-58.30411709165643	-0.3664292783532036	-39.57436206214599
-59.05160577231869	-0.0	-38.84150350543958
-58.68471044660971	0.366432624171534	-39.57472341052567
-59.05160577231869	-0.0	-39.207932783792785
-60.55365026975014	-1.0992978725146019	-37.00969504132493
-59.78513956449472	-0.0	-38.474375938745574
-60.54658313364322	0.3664292783532036	-38.47507422708638
-60.920327473974346	-1.0992878350596107	-39.207932783792785
-59.79909445298095	-2.1985756701192214	-39.940791340499196
-60.16581692072027	-0.3664259462956655	-39.574002199931876
-60.54658313364322	-4.03072206188524	-39.57436206214599
-61.28691909936723	-2.5649816240696586	-39.574002199931876
-61.294071814305475	-2.1985756701192214	-38.84150350543958
-60.53951764693592	-3.2978335166609893	-38.84115030734054
-62.78172200422984	-4.03068540925232	-37.37544652215788
-62.40802127801419	-3.6642594629566547	-38.47472436104488
-62.03432055179854	-4.397111355547986	-38.108298414749214
-61.30838225405453	-5.496539756422981	-38.47577829496087
-62.03432055179854	-4.763537301843652	-39.94042814622754
-62.40073942044137	-5.862762047808849	-39.573643822709734
-62.40802127801419	-5.129963248139317	-38.47472436104488
-60.91321837315157	-5.129963248139317	-38.108298414749214
-63.1554227304455	-5.862815140730648	-36.27616868327088
-63.1554227304455	-4.397111355547986	-38.47472436104488
-62.04156049496774	-4.7635806185916465	-38.84150350543958
-62.03432055179854	-5.129963248139317	-38.84115030734054
-62.04156049496774	-5.862868453651258	-38.10864494873317
-62.80370865049488	-5.496539756422981	-38.47577829496087
-62.02708229816327	-5.862762047808849	-39.940066450697785
-62.41530483529887	-5.496439175298054	-38.10864494873317
-62.78904917563	-5.862868453651258	-38.84150350543958
-62.04156049496774	-6.595727010357665	-38.47507422708638
-62.81104095515794	-6.595908428413478	-38.47613249907862
-62.42259009289058	-5.862921986744544	-38.841858162182604
-61.667816154636604	-6.229297732004461	-37.37578639202677
-62.05604545227471	-6.96228369146911	-38.8422142787224
-62.42259009289058	-6.229354610916078	-38.108992913839536
-62.78172200422984	-7.3285189259133094	-38.108298414749214
-62.78904917563	-7.3285855670640725	-38.84150350543958
-61.667816154636604	-9.16073195883009	-39.207932783792785
-61.667816154636604	-8.794302680476886	-39.57436206214599
-61.660619825582884	-8.06137081850464	-40.673280038818866
-62.04156049496774	-7.695014845417275	-38.84150350543958
-62.04156049496774	-8.427873402123684	-37.74221567037997
-62.78172200422984	-8.794222711095973	-39.207576253636205
-62.41530483529887	-9.16073195883009	-38.84150350543958
-64.28402653695453	-9.16073195883009	-37.37578639202677
-63.17016602214676	-8.794382980116815	-38.108992913839536
-63.91028219662339	-8.06144412377048	-38.84150350543958
-63.895367909553734	-8.427720443725221	-39.573643822709734
-63.91774195140293	-9.16081560428835	-39.94115603469721
-64.27652490909246	-9.160648657391638	-37.74187246845354
-64.65022563530812	-10.259926496278634	-40.3068540925232
-64.6653178806591	-9.527248228459884	-38.475425538011066
-63.91028219662339	-9.893590515536497	-38.84150350543958
-64.65022563530812	-11.35920433516563	-38.84115030734054
-64.6653178806591	-9.893680852631418	-37.00969504132493
-66.15274823861017	-10.2600197938897	-36.276498556967155
-65.03151521761679	-9.527161237183293	-37.74221567037997
-65.39762708773942	-9.160648657391638	-35.90974273697522
-65.77900389827904	-10.2600197938897	-38.10864494873317
-65.0391058452872	-8.061517731773748	-37.742560289668
-65.78668177454337	-8.427950355945281	-36.6432624171534
-66.16046973917146	-8.427950355945281	-36.6432624171534
-65.77900389827904	-6.229297732004461	-35.91006927861395
-66.51872926638639	-6.962092979617644	-37.009020575862216
-67.27398125960357	-7.695014845417275	-37.009357113673566
-67.6477255999347	-7.695014845417275	-35.17721072190754
-67.6556215976838	-8.794382980116815	-36.276829792981864
-66.53425770379954	-7.32865248343068	-37.00969504132493
-65.78668177454337	-6.229354610916078	-36.6432624171534
-65.0391058452872	-6.229354610916078	-37.37612766549647
-65.78668177454337	-4.763624114229942	-35.910397168810334
-65.78668177454337	-5.862921986744544	-36.276829792981864
-65.4205298442655	-5.13010377266145	-36.27716239239167
-65.77900389827904	-4.03072206188524	-38.47507422708638
-65.41289380991527	-4.3971914900584075	-37.742560289668
-65.77900389827904	-5.862868453651258	-37.74221567037997
-66.15274823861017	-5.862868453651258	-37.74221567037997
-64.67286664604532	-6.229411723946045	-37.376470343676274
-65.03151521761679	-7.695014845417275	-37.37578639202677
-65.03151521761679	-6.229297732004461	-36.64292783532036
-65.78668177454337	-7.695085107602214	-38.475425538011066
-65.40525955794791	-5.13000989694485	-35.91006927861395
-65.41289380991527	-7.32865248343068	-37.37612766549647
-66.15274823861017	-7.3285855670640725	-36.64292783532036
-65.77900389827904	-7.695014845417275	-38.10864494873317
-65.03151521761679	-7.3285855670640725	-38.10864494873317
-65.03151521761679	-8.427873402123684	-37.74221567037997
-66.16819304248568	-7.328719675230642	-37.376470343676274
-66.53425770379954	-7.695085107602214	-36.6432624171534
-65.40525955794791	-8.794302680476886	-38.10864494873317
-64.28402653695453	-7.695014845417275	-37.009357113673566
-65.0391058452872	-8.061517731773748	-37.742560289668
-65.02392636152376	-7.3285189259133094	-37.74187246845354
-65.02392636152376	-7.694944872208976	-36.64259462956655
-65.41289380991527	-9.893680852631418	-38.841858162182604
-63.91028219662339	-9.893590515536497	-38.10864494873317
-65.41289380991527	-11.725843973489088	-38.475425538011066
-64.65022563530812	-12.092056227756961	-36.27616868327088
-63.91028219662339	-12.092166185655719	-37.74221567037997
-64.27652490909246	-12.092056227756961	-40.3068540925232
-63.895367909553734	-12.458369351593804	-40.30648907868584
-64.29903504693523	-12.092387464130558	-39.941522230006996
-62.79637805751867	-11.725843973489088	-37.742560289668
-62.41530483529887	-14.657171134128145	-39.207932783792785
-63.162793515961134	-16.48931752589416	-38.84150350543958
-60.927438234378236	-17.58876596023363	-39.20829078635414
-60.54658313364322	-17.58860536095377	-38.47507422708638
-62.048802128262494	-16.855900711890563	-39.94115603469721
-61.30122619900632	-16.855900711890563	-38.475425538011066
-60.55365026975014	-16.855900711890563	-40.30758865886874
-60.17283879331208	-17.22217608260057	-38.10864494873317
-59.0584984112378	-19.420929081091302	-38.475425538011066
-57.56334655272545	-21.98595745029204	-39.57472341052567
-57.56334655272545	-21.98595745029204	-37.742560289668
-57.56334655272545	-22.71882269863511	-38.841858162182604
-57.182884070663036	-22.35218597954542	-38.47507422708638
-57.18955858809736	-23.085255322806642	-39.20829078635414
-55.68790670933851	-23.817903092958232	-39.57436206214599
-56.0681946942131	-21.25309220194897	-38.841858162182604
-54.94041802867625	-22.35218597954542	-37.74221567037997
-54.18660530126981	-23.45126056292259	-39.207576253636205
-53.831750271852755	-23.08546697697652	-39.208650262483935
-53.825466906444575	-23.085255322806642	-39.57472341052567
-53.45791867274267	-23.451902960738053	-38.8422142787224
-53.45167894181649	-22.352390074463575	-38.841858162182604
-51.95652708330414	-20.520226953605903	-38.841858162182604
-51.95652708330414	-18.688063832748234	-39.20829078635414
-53.0778909771884	-18.688063832748234	-41.40688653138334
-53.0778909771884	-16.48946808771903	-39.57472341052567
-52.69795198668946	-16.12288824754096	-40.6736498972056
-54.57304283570075	-15.390170215204428	-39.94115603469721
-54.18028273032334	-14.656905119522124	-40.672911706673894
-55.69440672958501	-15.023737591032894	-41.040453907211806
-54.19925487107266	-16.48946808771903	-39.20829078635414
-54.579413470072936	-17.58892722055354	-41.40726616505312
-54.94041802867625	-16.48931752589416	-40.3072206188524
-53.831750271852755	-17.955363204315073	-39.57508624624546
-53.46415986064039	-18.321967856704106	-41.40764735615128
-52.71025547452249	-19.4211071393612	-39.208650262483935
-52.330315047932224	-19.787361705262835	-39.94115603469721
-52.3364238754124	-22.352595009453456	-39.57508624624546
-52.69795198668946	-23.08504453625183	-39.940791340499196
-52.71025547452249	-25.284082879545714	-39.208650262483935
-52.70410301256031	-26.38314894035045	-38.108992913839536
-53.45791867274267	-26.74982681459184	-37.7429063274378
-52.71025547452249	-25.284082879545714	-37.01003435991474
-53.0778909771884	-26.016716316178915	-37.37612766549647
-54.19925487107266	-26.749581564521982	-36.6432624171534
-53.819185007682854	-28.215054433196677	-37.37578639202677
-53.0778909771884	-29.681042557894255	-36.6432624171534
-54.56667368834512	-30.7800593816691	-35.54364000026075
-53.825466906444575	-32.24607092709499	-35.17753192046726
-55.32707666829311	-32.979238538537885	-33.34567452229942
-55.31416236900738	-34.44435216520114	-32.24577649508192
-56.07473986651329	-34.811418457345546	-31.147058619730227
-55.320618764956926	-36.276829792981864	-30.04747518206579
-54.953245069183026	-37.01003435991474	-30.414186652207164
-54.56667368834512	-37.009357113673566	-28.947912989903084
-54.19292934801399	-37.74221567037997	-27.115766598137068
-54.579413470072936	-40.30795821376853	-26.74982681459184
-54.94683080032884	-39.94115603469721	-23.451687946978176
-54.9596608357632	-41.041207999017196	-22.71924014231309
-52.71640937307899	-42.506965427553524	-21.253482713776762
-53.08408707363258	-41.77370214881466	-20.153979106884265
-53.46415986064039	-42.14052607041944	-18.321967856704106
-52.3364238754124	-43.60588206762232	-16.123183285507412
-50.83516318941987	-43.605482276412545	-17.222333336062096
-49.71960268164178	-43.239446083860784	-13.92456738293822
-50.84703315417548	-43.97272285608985	-14.291134928229202
-50.09343428075187	-43.97231805138385	-13.558131399176688
-50.09343428075187	-44.70519001890691	-12.45882344789209
-50.473157910394775	-44.339162213223936	-12.825377499692873
-50.841097478972046	-45.43806198642998	-9.893771561561366
-50.46137522479179	-43.97191490058408	-9.16081560428835
-50.46726587986196	-43.60588206762232	-8.79446361027677
-50.45548594470268	-44.70437195909084	-8.06144412377048
-49.34001133090753	-43.605482276412545	-6.595787235087612
-47.850444686091336	-43.239446083860784	-6.595847707707577
-47.850444686091336	-44.70519001890691	-5.13010377266145
-47.850444686091336	-43.97231805138385	-2.565051886330725
-46.739862330437084	-45.43890029320956	-2.9315419544006165
-45.9812866905409	-42.506574116337724	-0.3664359837615321
-45.602131684626656	-41.77331915555487	0.366432624171534
-45.244186735863096	-42.50735833880894	1.0993282329002312
-47.10278148787116	-41.0408301812916	1.4657439350461283
-46.34970761388283	-42.13975177972641	1.465730496686136
-45.970553860729105	-41.0400791755588	1.4657171134128144
-45.97591964925474	-43.605482276412545	-0.0
-47.0917868817225	-42.139367010618415	-0.7328585567064072
-46.723495578510914	-41.77331915555487	0.732865248343068
-45.986654985026355	-42.87340478468761	2.931514857072657
-46.36053022880706	-39.94188992761495	4.7637116427430675
-45.602131684626656	-40.30758865886874	5.862921986744544
-45.97591964925474	-40.30758865886874	8.427950355945281
-45.602131684626656	-40.30758865886874	7.32865248343068
-45.22834371999856	-39.20829078635414	8.427950355945281
-47.47107150776709	-39.57472341052567	8.061517731773748
-45.596809520397976	-39.207932783792785	8.427873402123684
-46.34970761388283	-41.040453907211806	9.16081560428835
-46.34970761388283	-38.108992913839536	10.626546100974485
-45.602131684626656	-37.37612766549647	12.092276597660621
-47.0917868817225	-35.17721072190754	13.924312577421738
-45.60745509143081	-32.979238538537885	16.123183285507412
-46.35511828965099	-30.04775066844563	16.489619269268943
-45.61277974124565	-29.68158792786065	18.321967856704106
-47.47107150776709	-30.04747518206579	18.688063832748234
-45.23890449746495	-30.04802728499473	18.688407213838186
-47.097283543139	-29.31460993372272	18.3216312085767
-47.108280716368455	-26.750073070787995	19.05484657097227
-45.9812866905409	-26.74982681459184	19.78754312312273
-46.72894988876107	-26.016954847068778	20.5204150906458
-46.36053022880706	-23.818558213715338	21.986361428044926
-46.723495578510914	-20.886659577777436	20.886659577777436
-45.9812866905409	-21.253287058168862	23.818338944499587
-45.9812866905409	-18.688235171838137	24.55121091202265
-45.23890449746495	-16.489771071033694	23.08567949944717
-45.602131684626656	-14.65730496686136	25.283851067835844
-45.602131684626656	-14.65730496686136	24.184553195321243
-45.23362349232072	-13.558131399176688	24.91764689578418
-45.22834371999856	-13.191574470175224	25.283851067835844
-46.73440547258776	-10.260301999754299	24.18499757084942
-45.9812866905409	-9.527335577799834	25.650518863307244
-45.61277974124565	-6.96234778554756	25.650754999385747
-45.602131684626656	-4.763624114229942	25.65028369200738
-45.22834371999856	-3.66432624171534	24.91741844366431
-46.35511828965099	-0.3664359837615321	25.284082879545714
-45.9812866905409	1.0993079512845962	24.184774928261117
-45.23362349232072	2.9314878700922566	23.818338944499587
-45.602131684626656	3.297893617543806	23.81812057114971
-44.86502925368425	4.397272285608985	23.452118856581254
-44.48076779074239	3.297893617543806	23.085255322806642
-45.9812866905409	5.496539756422981	22.352595009453456
-45.986654985026355	4.397272285608985	23.452118856581254
-47.108280716368455	5.4965903570112316	23.08567949944717
-46.35511828965099	6.595847707707577	23.451902960738053
-47.48215596014916	4.397272285608985	22.71924014231309
-46.36053022880706	7.695226499815724	23.452118856581254
-46.73440547258776	6.96234778554756	23.818558213715338
-45.986654985026355	6.229469071279396	21.986361428044926
-44.859791893210634	6.595847707707577	21.619723041930392
-45.22834371999856	8.427950355945281	22.71882269863511
-45.986654985026355	6.96234778554756	20.88704335664268
-45.61277974124565	8.061665856949807	21.986361428044926
-45.23890449746495	7.695226499815724	21.986361428044926
-45.23890449746495	7.695226499815724	21.986361428044926
-45.986654985026355	7.695226499815724	21.619922070910842
-46.35511828965099	8.79446361027677	20.88685107440733
-45.23362349232072	9.527335577799834	20.5204150906458
-43.73319186148622	10.626546100974485	21.25309220194897
-44.491154009903546	10.260301999754299	21.253482713776762
-44.491154009903546	9.893862642620217	21.986361428044926
-43.74340352234214	9.893862642620217	21.253482713776762
-44.48596029410054	8.061591642753706	21.619723041930392
-44.11212869499045	10.2602075453229	21.253287058168862
-43.36952827856144	9.893862642620217	21.619922070910842
-43.00067334400212	9.161068607501926	20.520793680804317
-43.36446549677028	10.993079512845963	20.88685107440733
-41.50015205965793	10.626741356888381	21.253482713776762
-41.495307501219834	10.626643529084431	20.153979106884265
-42.24790254721933	9.893862642620217	20.520603999508598
-41.121475902109744	10.2602075453229	20.88685107440733
-41.490464073717696	9.893680852631418	19.787361705262835
-39.256900596973715	9.893862642620217	20.520603999508598
-38.504654708339125	9.893771561561366	21.986159025691926
-39.252317906559306	8.428027626515238	22.352595009453456
-37.76580876299316	8.428183118901773	21.620121913704548
-38.12637239206491	8.794382980116815	21.619524826120507
-38.12637239206491	10.626546100974485	19.787361705262835
-38.13527486563161	9.160983928352053	20.154164642374514
-38.504654708339125	9.527335577799834	19.054671155599667
-38.504654708339125	9.893771561561366	20.153979106884265
-39.26148435756715	10.993282329002312	19.78790819220416
-39.62614950566939	13.558131399176688	17.955363204315073
-39.635403256210644	14.291267027703006	19.421465447904083
-39.99998110477948	14.291003366699751	18.688235171838137
-40.37852632831582	14.291134928229202	19.42128592810635
-39.252317906559306	14.657439350461283	19.054671155599667
-39.99998110477948	15.390311317984347	19.4211071393612
-39.62152425057726	13.558007094346758	19.787361705262835
-37.75258442743682	13.558007094346758	18.3216312085767
-38.88302535319301	15.75689235676553	19.05484657097227
-37.387524378070204	17.58908914243594	16.856210428167778
-38.88302535319301	15.75689235676553	19.05484657097227
-38.878486307449215	17.222491236792006	17.222491236792006
-38.130823109229034	17.222491236792006	16.489619269268943
-38.878486307449215	17.222491236792006	16.856055253030476
-38.13527486563161	18.321967856704106	16.123331713899614
-37.761399621850906	18.321967856704106	16.489771071033694
-37.37879646280873	19.420929081091302	15.756602839375962
-38.88302535319301	20.88704335664268	13.92469557109512
-37.75699151011895	20.5204150906458	14.291003366699751
-38.504654708339125	21.986159025691926	13.92456738293822
-37.75699151011895	22.71903099321499	12.825259431653622
-38.50915010941231	23.452118856581254	10.626741356888381
-39.256900596973715	25.284315642251666	10.626741356888381
-39.99998110477948	24.55121091202265	8.061591642753706
-40.00465108453512	25.650754999385747	7.695226499815724
-40.38324105349764	26.750320333905627	6.962412141701464
-38.88302535319301	27.84939114219024	5.863029714145314
-40.752401572096524	27.84939114219024	4.397272285608985
-40.752401572096524	29.68158792786065	1.4657574285363284
-40.00465108453512	30.414466642128815	1.4657574285363284
-40.752401572096524	29.68158792786065	-0.3664393571340821
-41.50499774942813	31.14763326550655	-0.7328854886001541
-41.50015205965793	29.68158792786065	-1.8321967856704104
-41.495307501219834	29.314878700922566	-1.4657439350461283
-40.38324105349764	30.781190521206472	-2.1986564658004624
-41.121475902109744	30.04775066844563	-1.8321799188076604
-41.126276815877226	29.315148570726567	-2.5650754999385748
-42.24297069944001	30.04775066844563	-4.763667788899917
-40.37852632831582	30.780905999262895	-6.229469071279396
-40.752401572096524	31.51378471353106	-6.96234778554756
-42.23804000297387	30.780340430408856	-8.794382980116815
-41.50015205965793	30.414466642128815	-11.359620071156545
-42.6168022985501	30.780622635968694	-12.45882344789209
-41.87402730343863	30.780905999262895	-12.825377499692873
-42.99063389766019	31.87993058725329	-13.92456738293822
-44.106979826114305	32.24607092709499	-13.558007094346758
-44.48596029410054	31.87993058725329	-13.92456738293822
-43.73319186148622	30.780340430408856	-15.390170215204428
-42.99063389766019	30.780622635968694	-15.390311317984347
-42.621777791000035	31.51378471353106	-15.75689235676553
-41.50015205965793	31.51378471353106	-16.123331713899614
-41.869139100329924	30.780622635968694	-17.222491236792006
-42.99063389766019	30.780622635968694	-19.4211071393612
-41.495307501219834	29.6813146846841	-20.153979106884265
-42.621777791000035	29.68158792786065	-20.154164642374514
-42.6168022985501	29.314878700922566	-20.153979106884265
-42.621777791000035	29.315148570726567	-22.71924014231309
-43.73829709588036	27.482698782114905	-23.451902960738053
-43.74851114128911	28.948976799706088	-24.185221123805086
-43.74851114128911	27.48320582250578	-25.650992101005393
-43.37459224264561	25.284549356705316	-28.216091311105934
-42.99063389766019	26.016954847068778	-27.84913476587644
-43.73829709588036	23.451902960738053	-31.147058619730227
-45.23890449746495	22.352800785179006	-32.24666342779923
-46.34970761388283	20.15379432943437	-33.711801423781125
-46.36053022880706	19.787725285240434	-35.54461764200597
-46.72894988876107	17.222491236792006	-37.01003435991474
-47.108280716368455	15.024013642497366	-37.010375070542295
-46.73440547258776	14.657574285363284	-38.8425718562127
-46.72894988876107	12.45882344789209	-39.57508624624546
-46.73440547258776	12.458938142558791	-38.47613249907862
-47.85603120392986	12.458938142558791	-40.30832928474903
-47.85603120392986	10.260301999754299	-39.57545057048087
-47.86161902636757	8.428183118901773	-39.57581638440832
-48.22990644771056	8.79454457121797	-41.041207999017196
-50.46137522479179	5.862921986744544	-43.239049652241015
-50.841097478972046	2.565051886330725	-42.87301010009925
-51.58876067719223	-0.7328719675230642	-43.239446083860784
-52.71640937307899	-2.931514857072657	-43.60628349895577
-55.32707666829311	-5.13010377266145	-43.239446083860784
-54.2119103482018	-6.595908428413478	-45.0720409274921
-55.70741132332461	-6.96234778554756	-42.87340478468761
-53.84432140466352	-8.061740374601696	-43.97312931600925
-55.333536079543904	-8.061665856949807	-44.339162213223936
-54.205581870962845	-9.160899594038302	-42.14013813257619
-54.205581870962845	-10.993079512845963	-43.60588206762232
-54.2119103482018	-12.825377499692873	-41.40764735615128
-53.84432140466352	-15.02415251630316	-42.14091559450886
-53.09648360737653	-14.657709772003082	-40.308701873008474
-53.46415986064039	-17.58908914243594	-41.77408671328536
-53.09648360737653	-18.68857995930393	-41.041587361608634
-53.09648360737653	-19.78790819220416	-40.675144617308554
-52.72256470873303	-20.154350936504237	-39.9422591287084
-52.71640937307899	-22.352800785179006	-39.57545057048087
-52.3364238754124	-23.08546697697652	-39.208650262483935
-51.22688911415904	-26.383877589605547	-39.57581638440832
-51.968658885517584	-25.284315642251666	-36.27749635627413
-52.35475891828603	-27.84990704055183	-37.0110606723123
-51.22688911415904	-27.116763078205704	-37.74360266290794
-53.09648360737653	-27.48320582250578	-36.644274430007705
-53.08408707363258	-26.383390830830308	-36.64359837615321
-55.333536079543904	-27.84939114219024	-36.64393571340821
-56.461753695168	-28.948976799706088	-36.27783168570763
-56.822403064733464	-28.582006733399503	-35.17785444110708
-59.44616376113163	-30.04802728499473	-35.54461764200597
-61.689415223815836	-30.414466642128815	-34.8117389277378
-62.43716571137724	-28.948709213592487	-35.54461764200597
-63.94013166803793	-27.849648566805858	-34.079175219907164
-64.68796946532493	-28.948976799706088	-34.079175219907164
-66.9314828571859	-27.48320582250578	-33.71273247560709
-66.9314828571859	-27.116763078205704	-33.71273247560709
-67.3054017558294	-26.01743484530547	-33.71273247560709
-68.79304485564917	-23.818558213715338	-33.34598149920147
-71.77566702913701	-23.08546697697652	-31.147058619730227
-72.89716182646727	-24.55121091202265	-30.780622635968694
-72.15792204967549	-24.917876285117583	-29.68158792786065
-74.77504875614041	-23.818558213715338	-28.582269856458403
-76.27054973126322	-23.818558213715338	-27.48295178505616
-76.64442497504392	-24.18499757084942	-26.750073070787995
-78.13992595016673	-25.284315642251666	-22.71924014231309
-79.26155168150883	-24.917876285117583	-22.352800785179006
-79.26155168150883	-25.650754999385747	-19.05484657097227
-79.26155168150883	-25.284315642251666	-19.42128592810635
-81.12145700688923	-24.55121091202265	-19.054671155599667
-80.74762540777914	-24.55121091202265	-17.222491236792006
-81.4952886059993	-24.55121091202265	-15.390311317984347
-81.14987632334335	-24.551891733118058	-13.192061229735076
-80.76648210699528	-23.81877837950501	-11.35972507330239
-81.52383888704539	-25.651230168929317	-9.894045922301308
-81.89780145074744	-25.284784023658897	-9.16115363176047
-82.61678340332958	-23.818338944499587	-8.79446361027677
-81.87867838797375	-24.551436927983502	-8.428105214083889
-82.62642887553515	-24.551436927983502	-8.061665856949807
-81.87867838797375	-24.18499757084942	-6.96234778554756
-82.62642887553515	-24.18499757084942	-6.595908428413478
-83.00999549885626	-23.81877837950501	-6.22952665310131
-82.62642887553515	-23.818558213715338	-6.229469071279396
-83.00999549885626	-21.986564658004625	-6.595969397401387
-84.12192985065796	-21.253482713776762	-4.7637116427430675
-81.13092790041235	-21.986361428044926	-4.7637116427430675
-82.61678340332958	-21.253287058168862	-3.2979238538537885
-83.38391439749975	-20.520793680804317	-3.2979846987006933
-84.13175219478676	-19.78790819220416	-2.9315419544006165
-83.00999549885626	-19.78790819220416	-1.4657709772003082
-84.14157683295969	-19.055199554061776	-0.3664461452704188
-83.00999549885626	-19.78790819220416	-0.7328854886001541
-83.01968914185356	-20.154537989873035	-0.3664461452704188
-84.13175219478676	-20.520793680804317	0.36644274430007706
-81.51431990428227	-20.520793680804317	0.7328854886001541
-83.01968914185356	-20.520984135143454	2.1986768716225127
-82.26215770156927	-21.620121913704548	3.6644274430007706
-81.51431990428227	-19.421465447904083	5.130198420201079
-81.14040100563878	-19.78790819220416	6.962412141701464
-80.75705265663164	-18.321967856704106	5.4965903570112316
-80.39256320835179	-18.68857995930393	6.22952665310131
-81.52383888704539	-17.95586111825052	5.863138324326701
-81.55240917916751	-18.322821555833745	6.229759328983473
-81.14040100563878	-19.055022703604006	7.328854886001541
-81.14040100563878	-17.222808982103622	8.061740374601696
-80.03733513742151	-17.956028442744877	6.2296425209523045
-79.65402606853517	-18.32230726352094	6.962476760137958
-79.65402606853517	-16.123630391898427	8.79470748649005
-79.27080651242129	-17.5892517264037	7.695297630301618
-80.00930216907024	-16.489771071033694	8.061665856949807
-79.27080651242129	-17.5892517264037	9.161068607501926
-78.53213837742905	-17.222968827709682	8.79470748649005
-79.27080651242129	-15.02415251630316	11.35972507330239
-78.53213837742905	-14.657845810816752	12.092722793923821
-78.1490498164908	-15.757038004903313	10.993282329002312
-77.40121201920381	-13.924824283402929	10.993282329002312
-76.66232555891882	-13.924953520275915	12.825615084464658
-75.91440043151475	-12.825615084464658	14.657845810816752
-75.52279924370181	-12.458938142558791	14.657574285363284
-77.02729312056032	-11.35972507330239	15.02415251630316
-77.78421325002496	-10.993384358112564	13.558507375005496
-77.78421325002496	-10.626938212842145	12.825615084464658
-77.40121201920381	-7.695297630301618	12.825496050502696
-76.65337422191682	-4.030870187300848	13.558381539102852
-77.7751309178473	-1.4657709772003082	13.558381539102852
-77.41025068632291	1.0993384358112563	12.825615084464658
-75.90553642462983	2.1986564658004624	11.726167817602466
-76.65337422191682	4.030870187300848	11.35972507330239
-75.53161752598632	3.6644274430007706	10.626839584702235
-77.41025068632291	4.397353743245025	11.359830503382982
-77.03628812262087	2.9315691621633504	10.626938212842145
-76.66232555891882	5.1302460337858635	10.626938212842145
-76.66232555891882	7.328922905408376	10.260492067571727
-75.90553642462983	6.962412141701464	10.626839584702235
-74.79251274040861	8.061815195949213	10.626938212842145
-75.5404378678127	9.527599777030888	9.16115363176047
-75.5404378678127	9.527599777030888	7.328922905408376
-75.53161752598632	11.35972507330239	6.22952665310131
-75.16647530411066	12.825615084464658	5.496692179056282
-76.65337422191682	12.092610561902543	5.130198420201079
-76.65337422191682	12.45905330620262	3.6644274430007706
-77.41025068632291	13.558507375005496	2.5651230168929318
-77.78421325002496	12.092722793923821	0.3664461452704188
-78.89688761377779	12.092610561902543	1.0993282329002312
-78.1490498164908	12.45905330620262	-0.7328854886001541
-78.88767643772813	13.191816856826955	-0.3664393571340821
-78.89688761377779	12.45905330620262	-2.1986564658004624
-79.27080651242129	10.993282329002312	-0.7328854886001541
-77.78421325002496	11.726276648653402	0.3664461452704188
-78.1490498164908	9.527511351802003	4.030870187300848
-78.88767643772813	6.595908428413478	6.595908428413478
-77.7751309178473	3.6644274430007706	8.79462586320185
-76.66232555891882	2.1986768716225127	10.260492067571727
-77.02729312056032	-0.7328854886001541	12.825496050502696
-76.65337422191682	-5.130198420201079	14.291267027703006
-77.41025068632291	-10.260492067571727	14.291399665546333
-77.03628812262087	-12.825615084464658	13.192061229735076
-77.04528522574219	-16.123780642464787	13.192184162016645
-77.03628812262087	-16.856522682439266	12.459168939194239
-76.28836299521679	-18.32230726352094	12.092722793923821
-74.41855017670657	-19.055199554061776	12.092722793923821
-73.66202303276884	-18.322137215003853	13.558381539102852
-74.04458761300452	-18.32230726352094	13.558507375005496
-75.91440043151475	-17.222968827709682	12.459168939194239
-76.66232555891882	-17.222968827709682	12.459168939194239
-77.40121201920381	-17.955694470703776	10.993282329002312
-77.04528522574219	-20.154725803080986	10.993486801680538
-77.78421325002496	-23.818999442577223	8.061815195949213
-75.5404378678127	-26.017676314199736	6.596030614867538
-76.66232555891882	-25.651230168929317	3.664461452704188
-77.40121201920381	-27.849648566805858	1.8322137215003853
-77.78421325002496	-28.216353185822246	-0.7328922905408376
-77.7751309178473	-30.414747776906395	-1.8322137215003853
-77.76605070638603	-30.780905999262895	-3.297954214206739
-78.1490498164908	-32.24696149840678	-5.496641164501156
-79.28932265950168	-30.781763044705507	-6.96254164106434
-80.03733513742151	-30.04886392459347	-8.794789441344431
-80.7759137596413	-27.11701475001099	-10.260492067571727
-81.14987632334335	-27.48346089528141	-12.459168939194239
-82.64572657815152	-25.651230168929317	-15.02429195608717
-81.88823880292577	-22.3530074023047	-16.856366237803545
-82.27176401444947	-20.154537989873035	-17.5894149729801
-82.26215770156927	-20.154350936504237	-17.222808982103622
-82.6553788101409	-19.42182668296895	-19.788276243024967
-83.77739752702064	-20.887624923193023	-19.42182668296895
-82.26215770156927	-20.154350936504237	-20.887236425104394
-82.63607660021276	-17.955694470703776	-22.3530074023047
-82.26215770156927	-16.12348074920339	-23.452335635204932
-80.40195119593926	-15.39073810135759	-25.284784023658897
-80.7759137596413	-16.123630391898427	-24.918337878388478
-81.14987632334335	-15.39073810135759	-25.651230168929317
-81.14987632334335	-13.924953520275915	-26.75056860474057
-80.7759137596413	-13.192061229735076	-27.11701475001099
-79.66332889846159	-13.558633722072663	-29.68241436453745
-80.03733513742151	-13.558633722072663	-28.583065684369398
-78.89688761377779	-13.191938794802773	-30.04830503260632
-79.64472541106478	-11.35972507330239	-30.781190521206472
-80.40195119593926	-12.825615084464658	-28.949245476363085
-81.14987632334335	-10.260492067571727	-29.682137766903924
-81.89780145074744	-9.527599777030888	-27.11701475001099
-81.52383888704539	-7.695369050678795	-28.949245476363085
-80.39256320835179	-6.22952665310131	-27.849648566805858
-81.14987632334335	-5.863138324326701	-27.48346089528141
-81.55240917916751	-2.931651448933399	-25.285493747050566
-81.89780145074744	-4.030907597974607	-23.452553297306803
-82.27176401444947	-1.4657845810816752	-23.818999442577223
-81.89780145074744	-2.9315691621633504	-22.353214861495548
-80.76648210699528	-1.0993282329002312	-24.91810661240524
-80.7759137596413	0.3664461452704188	-23.452553297306803
-81.14987632334335	-0.3664461452704188	-24.918337878388478
-81.14040100563878	1.0993282329002312	-23.81877837950501
-80.7759137596413	2.5651230168929318	-25.284784023658897
-80.40195119593926	2.5651230168929318	-23.086107152036384
-82.64572657815152	3.664461452704188	-21.98676871622513
-81.14987632334335	4.030907597974607	-19.055199554061776
-80.40195119593926	4.397353743245025	-16.856522682439266
-80.7759137596413	6.596030614867538	-15.39073810135759
-80.03733513742151	8.428339881288412	-13.192184162016645
-80.02798863223721	8.79470748649005	-11.726276648653402
-79.65402606853517	9.894045922301308	-11.726276648653402
-78.53213837742905	10.993384358112564	-9.16115363176047
-79.64472541106478	10.626839584702235	-9.527511351802003
-78.1490498164908	11.35972507330239	-9.527511351802003
-79.65402606853517	10.993384358112564	-8.428261341219633
-80.01864430970829	11.726167817602466	-8.061740374601696
-79.28932265950168	10.260587681568502	-9.161239001400448
-78.89688761377779	11.726167817602466	-8.79462586320185
-79.26155168150883	10.260301999754299	-9.893862642620217
-79.65402606853517	11.359830503382982	-11.359830503382982
-80.02798863223721	10.626938212842145	-14.291399665546333
-79.64472541106478	9.527511351802003	-16.48992349350347
-80.02798863223721	7.328922905408376	-20.154537989873035
-79.28932265950168	5.130293840784251	-22.353423163417094
-80.01864430970829	4.397312931600925	-24.185221123805086
-80.02798863223721	1.4657845810816752	-26.75056860474057
-79.28006350483314	-1.832230726352094	-28.216353185822246
-78.16730394262194	-5.496743400840269	-30.04886392459347
-79.28932265950168	-8.061890321232394	-32.247561284929574
-78.1490498164908	-12.825496050502696	-31.880518754106703
-77.05428443066052	-16.856837478718518	-30.41559805942689
-76.66232555891882	-18.32230726352094	-30.78147620271518
-74.80124779198272	-19.42182668296895	-32.247561284929574
-72.17477479449431	-18.68875340879136	-36.27816838177146
-68.06913549070427	-19.788276243024967	-39.210102925993915
-63.19229387075094	-20.887236425104394	-40.308701873008474
-59.83401019232689	-21.25387642568429	-41.04196827028691
-54.230904649187465	-23.086322283529128	-43.241048086610114
-50.496739796792085	-22.353632308735424	-44.34081162880306
-45.623432771649256	-21.98676871622513	-43.24064514190942
-38.51814406131044	-22.719661006765964	-43.607091287179834
-35.15248098799205	-22.719661006765964	-41.408414415557324
-33.286555267432306	-22.353423163417094	-39.576552486049934
-31.40918748605372	-21.620121913704548	-38.11004540720801
-29.913511891479732	-23.085892890904855	-37.74360266290794
-27.676461683033605	-23.452771843585147	-37.37785512571383
-26.928449205113775	-21.986973603361076	-36.27850644554577
-26.18043672719395	-23.819221403641166	-34.812708205321705
-25.80040400640127	-23.085892890904855	-35.1785034528074
-23.93639929343447	-21.620524043305057	-33.71335952515365
-23.562393054474555	-22.71987272347311	-31.14821260476152
-22.437753822122584	-23.818999442577223	-30.78147620271518
-20.196336903835334	-23.086322283529128	-28.949515244425417
-19.820015876208284	-24.918337878388478	-28.216353185822246
-19.072090748804197	-24.918337878388478	-28.216353185822246
-18.70031194799568	-25.285019643865237	-26.750817884089308
-19.82464599429615	-25.285256218077777	-26.75106817274895
-18.32416562140011	-24.918337878388478	-25.284784023658897
-18.32416562140011	-24.551891733118058	-24.551891733118058
-16.828315366591937	-21.98676871622513	-26.017676314199736
-16.828315366591937	-23.452553297306803	-25.284784023658897
-15.70826203631637	-22.71987272347311	-24.918570083809218
-15.70826203631637	-23.819221403641166	-24.5521205237532
-15.334255797356457	-21.986973603361076	-22.71987272347311
-16.458196674510013	-21.254273342732045	-21.987179320067632
-15.334255797356457	-21.620524043305057	-21.986973603361076
-13.464224602556888	-20.521175363137004	-24.918570083809218
-13.841463943253201	-21.620929435883816	-21.254473004767142
-13.464224602556888	-19.42182668296895	-19.788276243024967
-12.719183082989428	-19.422190849183767	-19.055734418067093
-12.714727165869464	-19.421645699332196	-19.421645699332196
-12.340764602167422	-19.788091844602615	-20.154537989873035
-12.342205885677147	-19.788276243024967	-19.788276243024967
-14.212237080476715	-21.986973603361076	-18.688927562856914
-13.464224602556888	-20.521175363137004	-17.956028442744877
-13.46265229327355	-21.98676871622513	-16.490076537168846
-12.716212124637062	-19.055377122912933	-16.490230202520806
-11.59419340775732	-19.788276243024967	-17.956028442744877
-12.714727165869464	-21.25387642568429	-15.02429195608717
-11.592839474763336	-20.88743028041387	-16.123630391898427
-13.464224602556888	-23.086322283529128	-15.024431962296735
-12.340764602167422	-22.353214861495548	-12.459168939194239
-12.340764602167422	-21.62032257095471	-11.726276648653402
-11.966802038465378	-21.62032257095471	-10.260492067571727
-9.35015597399784	-19.42182668296895	-9.894138121512484
-10.099347959358417	-17.9561964447219	-9.894230694030433
-10.098168451917667	-16.490230202520806	-7.695440761176377
-10.098168451917667	-15.024431962296735	-5.130293840784251
-11.595547657041145	-13.925213569376167	-5.130341841349114
-10.470951783657206	-11.359830503382982	-3.664461452704188
-10.099347959358417	-11.726495637369403	-4.030982875345733
-10.84491434735925	-9.16115363176047	-2.5651230168929318
-9.72302665625312	-11.726276648653402	-1.4657845810816752
-10.4733978837791	-10.627136671366022	-4.030982875345733
-10.84491434735925	-9.894045922301308	-2.9315691621633504
-9.351248110517053	-10.260683682698229	-1.4658119546711754
-10.099347959358417	-10.627136671366022	-1.4658119546711754
-11.220187168797407	-13.192184162016645	-1.8322478002800895
-10.098168451917667	-11.726385921792573	-1.4657982402240717
-10.846180929837493	-15.390881522352753	-1.4657982402240717
-10.4733978837791	-16.12393150138293	-2.565170920674557
-10.846180929837493	-16.123780642464787	-2.9315964804481434
-11.596902222725655	-17.22345226248372	-3.2981078800500736
-10.848714982549806	-19.055734418067093	-3.6645643111667487
-11.592839474763336	-20.520984135143454	-5.1302460337858635
-10.846180929837493	-21.620524043305057	-5.496743400840269
-12.717697430303192	-23.08653828607101	-5.863247818684702
-12.340764602167422	-23.452553297306803	-8.061815195949213
-14.58624331943663	-23.819221403641166	-9.527688561456467
-13.088689729571508	-23.452553297306803	-10.260492067571727
-12.34364750588251	-25.285256218077777	-13.558760580708373
-13.838230841516802	-25.651469203921256	-13.192184162016645
-14.587947052406603	-26.75106817274895	-15.024572535379548
-14.587947052406603	-26.75106817274895	-16.490384490050722
-14.212237080476715	-23.819221403641166	-18.688927562856914
-13.838230841516802	-23.086322283529128	-20.154725803080986
-16.456274514236195	-23.819221403641166	-22.353423163417094
-16.08414675008933	-23.08653828607101	-24.185897252074394
-16.832246598930695	-22.353632308735424	-26.75106817274895
-16.83028075319611	-23.452771843585147	-26.750817884089308
-17.580346447772058	-21.987179320067632	-27.48397415008454
-19.82464599429615	-21.987179320067632	-29.31623909342351
-20.198695918716833	-20.88782035406425	-31.51495702543027
-20.198695918716833	-20.154914376728662	-33.713674957437036
-18.702496221034107	-19.05555541072528	-33.713674957437036
-20.941903567314412	-18.32230726352094	-32.247260783796854
-20.94434938175516	-17.223129322632843	-32.98046040504161
-22.0663680986349	-16.123780642464787	-34.812708205321705
-22.442995465240926	-15.024572535379548	-34.08012794610483
-22.068945540820245	-15.391025524047341	-34.813033923440415
-25.429454331738928	-15.02429195608717	-35.91172223650104
-26.177379459143015	-12.092722793923821	-38.11039910812355
-25.806430488234035	-12.092835481848592	-36.64495600560179
-26.56064702624263	-10.627236502383571	-38.111468836134186
-26.928449205113775	-10.260587681568502	-37.01140556565781
-25.806430488234035	-9.527688561456467	-37.37785512571383
-24.31040553239438	-10.260587681568502	-35.179157765377724
-22.81438057655473	-9.527688561456467	-34.44625864526569
-21.692361859674985	-6.596092081008322	-34.44625864526569
-20.94434938175516	-5.863192960896287	-32.61401084498559
-20.193978439910325	-5.496692179056282	-30.41503005744476
-19.076546145454788	-4.397435864013526	-30.782051048094683
-17.95229947007585	-1.0993486801680539	-30.04886392459347
-17.95229947007585	1.4657982402240717	-26.38436832403329
-17.95649376422037	1.8322821555833744	-24.18612445370054
-17.580346447772058	6.596153796020289	-20.88782035406425
-16.83028075319611	6.96254164106434	-17.589578882688862
-16.08414675008933	7.329059773355877	-15.391025524047341
-15.70826203631637	10.993486801680538	-12.459285041904609
-17.576240493996025	9.527599777030888	-13.192061229735076
-16.832246598930695	9.161324716694846	-13.192307592040578
-16.828315366591937	9.894045922301308	-13.192061229735076
-17.580346447772058	9.161324716694846	-11.726495637369403
-14.960249558396542	8.428339881288412	-11.726385921792573
-16.456274514236195	9.161239001400448	-10.260587681568502
-16.458196674510013	9.161324716694846	-8.061965750691465
-15.711932043692823	9.161410777916872	-6.229759328983473
-15.332465111783765	8.061815195949213	-4.763799888515444
-17.204286992156025	8.428339881288412	-4.3973947206722155
-16.456274514236195	8.794789441344431	-2.1986973603361077
-16.082268275276284	8.794789441344431	-1.8322478002800895
-16.46011928386867	8.062041484566848	-2.198738586700049
-16.082268275276284	10.62703724162452	-4.030945160616197
-16.08414675008933	8.061965750691465	-4.397435864013526
-16.834212903956598	8.794954346800196	-5.496846466750123
-16.08414675008933	9.52777770536264	-6.596153796020289
-16.082268275276284	8.794789441344431	-9.161239001400448
-15.334255797356457	9.527688561456467	-10.260587681568502
-15.336046901247967	7.329059773355877	-10.993589660033816
-15.337838423604898	8.062041484566848	-12.459518657966946
-16.082268275276284	8.794789441344431	-14.657982402240716
-16.456274514236195	8.794789441344431	-16.490230202520806
-16.832246598930695	8.061965750691465	-19.05555541072528
-17.206296523351376	8.794871728027053	-19.422008399393075
-17.95439637219274	8.061965750691465	-21.987179320067632
-17.206296523351376	5.863247818684702	-23.819444263406602
-18.330587384308295	6.962672191216822	-23.086755160350517
-17.206296523351376	6.596153796020289	-23.819444263406602
-17.580346447772058	3.2980768980101445	-23.452991274738807
-16.458196674510013	3.2980768980101445	-24.91880322940998
-16.08414675008933	2.931623909342351	-24.55235024074219
-16.08414675008933	-0.36645298866779386	-25.285256218077777
-16.082268275276284	-2.5651469203921256	-26.01791876397727
-14.587947052406603	-4.030982875345733	-25.65170920674557
-14.961996976827285	-6.229700807352495	-24.91880322940998
-14.961996976827285	-8.428418739359259	-26.384615184081156
-15.70642767548581	-10.993384358112564	-27.11701475001099
-16.834212903956598	-13.192431520200294	-26.38486304040059
-16.08414675008933	-14.658119546711754	-27.48397415008454
-16.83028075319611	-16.490230202520806	-26.01791876397727
-15.710096825668648	-18.322649433389692	-26.384615184081156
-15.336046901247967	-19.05555541072528	-25.65170920674557
-17.20830652404452	-22.720298729233843	-24.18612445370054
-16.832246598930695	-25.285256218077777	-23.452991274738807
-16.832246598930695	-25.65170920674557	-23.452991274738807
-17.580346447772058	-26.75106817274895	-21.620726331399837
-16.832246598930695	-26.018162195413364	-19.788461388060867
-14.960249558396542	-24.918570083809218	-18.322478002800896
-13.841463943253201	-25.285493747050566	-16.124082969133696
-13.836614856975594	-23.818999442577223	-14.657845810816752
-13.467370323165277	-21.620929435883816	-11.726605795733596
-12.716212124637062	-23.452771843585147	-10.993486801680538
-14.960249558396542	-23.086322283529128	-9.527688561456467
-12.714727165869464	-24.185445587847642	-8.061815195949213
-11.969597581461828	-22.72008529740322	-5.496794830016908
-11.220187168797407	-20.521175363137004	-2.1986973603361077
-10.84491434735925	-19.421645699332196	-1.0993384358112563
-11.97099584281358	-14.291800813550319	0.7329128622333497
-10.4733978837791	-11.726495637369403	3.6645298866779386
-11.22280860263773	-9.161410777916872	4.031020742283424
-11.968199646717235	-5.130293840784251	6.596092081008322
-13.091747354723873	-3.2980768980101445	5.130341841349114
-12.345089462901504	1.0993692933500245	4.397477173400098
-12.717697430303192	5.130341841349114	2.565170920674557
-14.961996976827285	9.894230694030433	1.4658119546711754
-16.456274514236195	12.459285041904609	-1.8322478002800895
-17.206296523351376	14.658119546711754	-5.863247818684702
-18.326305709035765	16.123780642464787	-8.428339881288412
-19.448324425915505	16.490230202520806	-10.993486801680538
-19.076546145454788	16.490384490050722	-10.260683682698229
-17.57829323111594	16.123780642464787	-10.260587681568502
-17.204286992156025	16.490230202520806	-9.894138121512484
-14.961996976827285	12.825854603372784	-8.794871728027053
-14.587947052406603	10.993589660033816	-5.863247818684702
-11.595547657041145	5.863247818684702	-4.76388885268132
-10.099347959358417	1.4658119546711754	-5.496794830016908
-9.725298034937735	-3.2980768980101445	-5.496794830016908
-9.351248110517053	-6.9626067846880835	-5.496794830016908
-8.603148261675688	-10.993589660033816	-9.161324716694846
-10.099347959358417	-14.658119546711754	-10.993589660033816
-10.847447808199782	-20.521367365396458	-13.192307592040578
-11.968199646717235	-22.71987272347311	-15.75733108240877
-16.458196674510013	-26.018162195413364	-19.422008399393075
-18.702496221034107	-28.949786104755713	-22.72008529740322
-22.817045389661608	-29.682692082091304	-25.65170920674557
-26.554442966153864	-32.247561284929574	-25.285019643865237
-28.80184418039252	-34.44658093477262	-27.48397415008454
-31.79424357575798	-36.27884587811159	-28.216880127420126
-34.794771314765235	-35.91306896653262	-28.583871218260654
-37.78345562888036	-36.279186680550815	-29.31651448933399
-39.27524206417162	-34.813033923440415	-30.41559805942689
-42.25776969833087	-34.81238380068979	-31.880814638526434
-46.750779869989195	-32.61401084498559	-33.71335952515365
-49.74863994795072	-33.34722196876924	-35.545939900776006
-53.12129405248526	-29.682970920450664	-35.54627381831746
-54.61128896541959	-27.48397415008454	-37.378204844114975
-56.84894832190686	-25.285019643865237	-39.94300204610595
-56.835672593811495	-20.520793680804317	-39.9422591287084
-59.099888058467776	-15.757478512715135	-40.67628174212512
-57.59696079982669	-9.894138121512484	-40.67590116621799
-57.977738285205724	-5.130341841349114	-40.309828753457325
-58.71897951670643	-1.8322478002800895	-40.30945160616197
-56.8622302533645	0.36645643111667486	-38.47792526725086
-57.22963843636436	1.0993589660033816	-40.67628174212512
-57.60368836078504	-2.198717932006763	-39.576922776121734
-57.977738285205724	-3.6645298866779386	-41.042734730792915
-59.854979214067896	-5.496846466750123	-39.94375099171756
-60.5960877561505	-9.161324716694846	-41.042734730792915
-62.46633737825391	-15.024572535379548	-38.84401679878615
-63.214437227095274	-19.422008399393075	-39.576922776121734
-62.84038730267459	-20.88782035406425	-37.378204844114975
-65.45873677361936	-25.285256218077777	-35.545939900776006
-65.09228989529883	-28.583601627100638	-32.24816593826739
-68.45913247609016	-30.782340213800687	-31.51525307603404
-68.08503885600223	-32.24816593826739	-28.950058058217316
-69.58141333635393	-33.71399166273409	-26.38486304040059
-71.0694856399296	-33.713674957437036	-23.452991274738807
-73.6964431573211	-33.347535231617414	-21.98738586700049
-75.56691125776072	-31.51525307603404	-22.353842298117165
-74.4533278670783	-30.049710767915048	-24.552812456711074
-72.57416229705733	-29.31651448933399	-27.11777590263394
-69.207319716266	-25.65195017816724	-32.24816593826739
-66.2145707555626	-24.552580884817218	-35.179817387200785
-61.71823752941255	-22.353632308735424	-38.477563810118355
-57.61041749354035	-18.68927798695042	-41.04312028506759
-53.863189116578226	-15.391025524047341	-41.409187719460704
-50.520343729177085	-11.360472089456282	-43.24308730825294
-47.88398337125432	-9.89432364015022	-43.24185887176763
-46.761702510990546	-3.6645643111667487	-42.87540244065096
-44.88599093048185	-2.565170920674557	-42.142093696796294
-43.399929811965244	-0.36645988741359814	-42.87580682739098
-41.14549168627503	0.36645298866779386	-41.042734730792915
-38.90119213975094	-0.36645298866779386	-41.042734730792915
-35.91718329266089	-2.565219211895187	-40.3105876154958
-32.542343424599345	-6.229700807352495	-40.67628174212512
-30.29804387807525	-10.260683682698229	-39.576922776121734
-26.56064702624263	-14.291800813550319	-38.47792526725086
-25.812459786066782	-18.322821555833745	-36.64564311166749
-25.809444785027065	-22.72008529740322	-34.08012794610483
-25.438366165978856	-26.751319471517267	-31.881709507150713
-24.690178925803007	-29.31651448933399	-30.415883782684013
-23.19380444545131	-29.682970920450664	-28.583601627100638
-23.565145238502975	-30.41559805942689	-26.018162195413364
-23.565145238502975	-31.881410014098066	-24.91880322940998
-24.693063513704363	-34.81368930429182	-23.45343279447028
-26.56064702624263	-37.37855597390084	-22.353842298117165
-31.420193651337296	-39.94337576478953	-20.88782035406425
-34.41661304808904	-41.776033147300936	-17.589908693600393
-39.27983010923206	-44.341228165117656	-16.124082969133696
-43.76895355028715	-46.53996675181771	-14.291800813550319
-47.50434040142663	-46.17307657214202	-13.192307592040578
-50.870789721212766	-45.07371760613864	-8.061965750691465
-54.998186916886986	-45.44102603928617	-8.428577410512757
-56.868873546713075	-44.708106264458976	-6.962737860858365
-59.48088559397997	-44.341228165117656	-5.496846466750123
-61.732658784260906	-44.34164637704537	-7.329197748271962
-63.59591541494714	-43.97477173400098	-8.794954346800196
-68.46713065163482	-40.677047502909396	-11.360256509821543
-69.94733586666756	-39.576922776121734	-14.29166655804396
-72.19163541319165	-37.378204844114975	-18.322649433389692
-73.3137851864537	-32.61431599143366	-23.08653828607101
-72.93973526203301	-28.58333311608792	-28.216880127420126
-71.07778781670562	-22.720298729233843	-34.44690452496744
-66.96275799573846	-18.68927798695042	-36.64564311166749
-63.603345414086995	-17.22361470843911	-38.4782881784278
-60.23610948040003	-17.22361470843911	-39.211207953255
-56.8622302533645	-18.68927798695042	-39.57729456060088
-51.61888957005413	-19.05555541072528	-41.042734730792915
-49.74863994795072	-18.322649433389692	-41.409187719460704
-46.01351527081469	-19.78864728030044	-41.776033147300936
-43.0207663101113	-18.68927798695042	-41.04312028506759
-40.40211096949583	-15.391170106900343	-41.04312028506759
-39.658556552313065	-10.993796622407944	-40.3105876154958
-40.397391837433666	-10.627136671366022	-41.7756407081285
-42.282457752343916	-11.726827442224305	-41.04389604778507
-43.399929811965244	-16.12423504619832	-39.577667840668596
-45.27590608879304	-18.68963123604499	-39.94450597507654
-46.761702510990546	-21.98738586700049	-39.21083812948421
-49.37459002353004	-22.353632308735424	-39.210469787453945
-52.75336296109568	-23.45343279447028	-38.4782881784278
-53.50163761302612	-21.987593244815887	-37.37890851618701
-52.38534588785972	-24.55304495715714	-37.37926247208998
-52.75336296109568	-24.186352569297476	-37.74536840360061
-52.37310681230941	-23.086755160350517	-37.74501240501751
-51.24483964563345	-23.452991274738807	-37.01175185544718
-52.37310681230941	-23.086755160350517	-35.912730249434134
-52.747200432397335	-24.552580884817218	-37.01209954278416
-53.489139192157545	-24.55235024074219	-36.27884587811159
-52.74103934331618	-22.72008529740322	-36.645298866779385
-52.36698941889549	-23.819444263406602	-36.645298866779385
-52.36698941889549	-21.620726331399837	-37.744657832782764
-53.49538767257318	-19.78864728030044	-37.74501240501751
-52.005088309165245	-21.254673469988692	-37.01244862877341
-52.37310681230941	-21.620929435883816	-37.74501240501751
-52.734879693347814	-21.986973603361076	-37.01140556565781
-52.37922563513047	-20.888213582575094	-37.01244862877341
-51.99901319222148	-21.254473004767142	-37.01209954278416
-52.37310681230941	-20.521560142533794	-37.01209954278416
-53.11508926773686	-20.521367365396458	-36.645298866779385
-52.747200432397335	-20.521560142533794	-37.74501240501751
-52.37310681230941	-21.254473004767142	-37.37855597390084
-51.99901319222148	-20.155103711417116	-38.111468836134186
-52.747200432397335	-21.620929435883816	-37.01209954278416
-51.99901319222148	-20.155103711417116	-37.74501240501751
-53.1275002870609	-20.521753695161497	-38.111828291014206
-53.12129405248526	-21.98738586700049	-38.111468836134186
-52.37922563513047	-20.888213582575094	-37.74536840360061
-53.12129405248526	-20.155103711417116	-37.01209954278416
-52.747200432397335	-20.521560142533794	-35.912730249434134
-52.37310681230941	-20.888016573650468	-37.37855597390084
-53.875774938991334	-19.788833920334298	-36.645988741359815
-52.75336296109568	-21.987593244815887	-38.111828291014206
-52.74103934331618	-21.987179320067632	-37.378204844114975
-51.99901319222148	-20.521560142533794	-38.111468836134186
-51.25082595204564	-20.888016573650468	-37.74501240501751
-52.747200432397335	-21.98738586700049	-37.37855597390084
-52.37310681230941	-21.254473004767142	-37.74501240501751
-52.36698941889549	-21.254273342732045	-37.378204844114975
-52.36698941889549	-20.88782035406425	-37.01175185544718
-52.37922563513047	-21.62113335740229	-37.01244862877341
-53.12129405248526	-21.254473004767142	-38.47792526725086
-51.61888957005413	-20.88782035406425	-37.378204844114975
-52.37922563513047	-20.888213582575094	-37.74536840360061
-52.747200432397335	-21.254473004767142	-38.844381698367535
-51.61888957005413	-21.620726331399837	-38.477563810118355
-50.87673233195771	-21.620929435883816	-36.64564311166749
-53.12129405248526	-19.78864728030044	-37.74501240501751
-51.99293949447481	-20.88782035406425	-38.477563810118355
-51.99293949447481	-21.254273342732045	-38.84401679878615
-52.747200432397335	-19.78864728030044	-38.111468836134186
-52.747200432397335	-21.254473004767142	-38.111468836134186
-52.38534588785972	-21.621338096601065	-37.745725829659484
-51.99901319222148	-19.78864728030044	-37.37855597390084
-52.747200432397335	-20.888016573650468	-39.57729456060088
-52.005088309165245	-21.254673469988692	-38.111828291014206
-52.37922563513047	-21.254673469988692	-40.3105876154958
-51.2628027616913	-21.987801454170572	-38.11218918722899
-52.747200432397335	-20.888016573650468	-38.111468836134186
-52.747200432397335	-21.620929435883816	-36.64564311166749
-52.747200432397335	-20.888016573650468	-37.74501240501751
-52.37922563513047	-21.62113335740229	-38.8447480658414
-53.12129405248526	-21.254473004767142	-38.111468836134186
-53.50163761302612	-21.62113335740229	-38.4782881784278
-53.133707971972	-21.621338096601065	-37.745725829659484
-53.49538767257318	-21.254473004767142	-38.47792526725086
-52.36698941889549	-20.154914376728662	-37.378204844114975
-52.747200432397335	-21.254473004767142	-37.74501240501751
-52.37310681230941	-20.155103711417116	-37.74501240501751
-51.99901319222148	-20.888016573650468	-37.74501240501751
-50.88267633126959	-20.888213582575094	-38.4782881784278
-52.37310681230941	-18.68927798695042	-37.37855597390084
-53.12129405248526	-20.888016573650468	-37.37855597390084
-51.99901319222148	-21.254473004767142	-37.74501240501751
-51.24483964563345	-19.05555541072528	-38.11111082145056
-52.37922563513047	-18.689454258093505	-37.74536840360061
-51.25082595204564	-20.888016573650468	-38.844381698367535
-52.747200432397335	-20.521560142533794	-38.844381698367535
-51.99901319222148	-20.155103711417116	-37.74501240501751
-52.005088309165245	-20.888213582575094	-38.111828291014206
-53.1275002870609	-19.788833920334298	-37.37890851618701
-52.37922563513047	-20.888213582575094	-36.27952885394622
-51.99293949447481	-20.154914376728662	-38.11111082145056
-52.747200432397335	-20.521560142533794	-37.37855597390084
-52.005088309165245	-20.1552938077479	-37.01244862877341
-52.747200432397335	-19.422190849183767	-36.279186680550815
-51.256813657234815	-20.521753695161497	-37.01244862877341
-50.88267633126959	-19.4223740329207	-37.74536840360061
-51.99901319222148	-19.78864728030044	-38.111468836134186
